 # inv_tmp, energy, phys_var, phys_doublon, phys_num, step_i
0.0000000000000000  -0.0103237391165870 14.4311759889323916 0.0000000000000000 18.0000000000000000 0
0.0543407854337469  -0.8047679847843084 14.8595060423638721 0.0000000000000000 18.0000000000000000 1
0.1064706024613616  -1.5690557536913423 16.3539522289442232 0.0000000000000000 18.0000000000000000 2
0.1566583167914135  -2.2999136138354261 18.7766777837489371 0.0000000000000000 18.0000000000000000 3
0.2051541697236489  -2.9950641060638761 21.9841387815149645 0.0000000000000000 18.0000000000000000 4
0.2521867924261694  -3.6531471921853922 25.8336424335345853 0.0000000000000000 18.0000000000000000 5
0.2979620294297182  -4.2735879567181581 30.1887530817290717 0.0000000000000000 18.0000000000000000 6
0.3426631013734521  -4.8564562215354252 34.9232988792005656 0.0000000000000000 18.0000000000000000 7
0.3864515711271129  -5.4023417043819624 39.9240202801954283 0.0000000000000000 18.0000000000000000 8
0.4294687050398461  -5.9122506221494264 45.0920330350848175 0.0000000000000000 18.0000000000000000 9
0.4718369936783405  -6.3875199866891936 50.3433114498905709 0.0000000000000000 18.0000000000000000 10
0.5136617305516992  -6.8297431782018672 55.6083919719223019 0.0000000000000000 18.0000000000000000 11
0.5550326195511311  -7.2407018157048171 60.8314851633973603 0.0000000000000000 18.0000000000000000 12
0.5960254035411947  -7.6223017433903610 65.9691737764970298 0.0000000000000000 18.0000000000000000 13
0.6367035004765694  -7.9765133677483178 70.9888623934148910 0.0000000000000000 18.0000000000000000 14
0.6771196195373699  -8.3053179001030522 75.8671254244791271 0.0000000000000000 18.0000000000000000 15
0.7173173199579151  -8.6106612926583672 80.5880742090337350 0.0000000000000000 18.0000000000000000 16
0.7573324736493894  -8.8944171589035239 85.1418330961499521 0.0000000000000000 18.0000000000000000 17
0.7971945985788976  -9.1583591561892845 89.5231828216376044 0.0000000000000000 18.0000000000000000 18
0.8369280402135986  -9.4041424998757908 93.7304010414955968 0.0000000000000000 18.0000000000000000 19
0.8765529900489513  -9.6332936560585978 97.7643069629789068 0.0000000000000000 18.0000000000000000 20
0.9160863409988056  -9.8472068846780942 101.6275005230078534 0.0000000000000000 18.0000000000000000 21
0.9555423879501727  -10.0471461599821890 105.3237761824861849 0.0000000000000000 18.0000000000000000 22
0.9949333876610397  -10.2342510267346452 108.8576861113936616 0.0000000000000000 18.0000000000000000 23
1.0342699955566745  -10.4095450957803166 112.2342260509023930 0.0000000000000000 18.0000000000000000 24
1.0735615982979501  -10.5739460868115849 115.4586182162798877 0.0000000000000000 18.0000000000000000 25
1.1128165607817411  -10.7282765485360745 118.5361682106542389 0.0000000000000000 18.0000000000000000 26
1.1520424049865345  -10.8732746001924916 121.4721762700942236 0.0000000000000000 18.0000000000000000 27
1.1912459362108234  -11.0096042284330462 124.2718867099933533 0.0000000000000000 18.0000000000000000 28
1.2304333300856232  -11.1378648333298216 126.9404628444376613 0.0000000000000000 18.0000000000000000 29
1.2696101915039490  -11.2585998454576579 129.4829777060228366 0.0000000000000000 18.0000000000000000 30
1.3087815944537615  -11.3723043346102219 131.9044135100625681 0.0000000000000000 18.0000000000000000 31
1.3479521097639560  -11.4794316032542412 134.2096649599311036 0.0000000000000000 18.0000000000000000 32
1.3871258260301678  -11.5803988084384510 136.4035431978846589 0.0000000000000000 18.0000000000000000 33
1.4263063675024332  -11.6755916886727338 138.4907785109212739 0.0000000000000000 18.0000000000000000 34
1.4654969114924010  -11.7653684910976111 140.4760208588137687 0.0000000000000000 18.0000000000000000 35
1.5047002068812196  -11.8500632024460444 142.3638379598714039 0.0000000000000000 18.0000000000000000 36
1.5439185945583211  -11.9299881877319187 144.1587111062304984 0.0000000000000000 18.0000000000000000 37
1.5831540300681677  -12.0054363356720195 145.8650291370317404 0.0000000000000000 18.0000000000000000 38
1.6224081083564463  -12.0766828014787215 147.4870811207135262 0.0000000000000000 18.0000000000000000 39
1.6616820902586724  -12.1439864273595681 149.0290483258768006 0.0000000000000000 18.0000000000000000 40
1.7009769302337605  -12.2075909099666369 150.4949960255040082 0.0000000000000000 18.0000000000000000 41
1.7402933047868088  -12.2677257729784017 151.8888656067640284 0.0000000000000000 18.0000000000000000 42
1.7796316410261144  -12.3246071925386929 153.2144673670536577 0.0000000000000000 18.0000000000000000 43
1.8189921448404835  -12.3784387137730985 154.4754742799311202 0.0000000000000000 18.0000000000000000 44
1.8583748282485097  -12.4294118882484206 155.6754169213931220 0.0000000000000000 18.0000000000000000 45
1.8977795355500351  -12.4777068550987167 156.8176796632747596 0.0000000000000000 18.0000000000000000 46
1.9372059679922633  -12.5234928825985357 157.9054981694942228 0.0000000000000000 18.0000000000000000 47
1.9766537067430829  -12.5669288821350804 158.9419581735164115 0.0000000000000000 18.0000000000000000 48
2.0161222340375398  -12.6081639027126862 159.9299954716218224 0.0000000000000000 18.0000000000000000 49
2.0556109524281334  -12.6473376111748017 160.8723970351935577 0.0000000000000000 18.0000000000000000 50
2.0951192021242608  -12.6845807611238826 161.7718031247588897 0.0000000000000000 18.0000000000000000 51
2.1346462764505967  -12.7200156519266407 162.6307102772074415 0.0000000000000000 18.0000000000000000 52
2.1741914354890928  -12.7537565780884883 163.4514750335835345 0.0000000000000000 18.0000000000000000 53
2.2137539179951662  -12.7859102685666386 164.2363182765469674 0.0000000000000000 18.0000000000000000 54
2.2533329516969318  -12.8165763151697565 164.9873300524020863 0.0000000000000000 18.0000000000000000 55
2.2929277620978059  -12.8458475889928962 165.7064747613402460 0.0000000000000000 18.0000000000000000 56
2.3325375799090495  -12.8738106437904030 166.3955966100299122 0.0000000000000000 18.0000000000000000 57
2.3721616472404112  -12.9005461052561081 167.0564252322059815 0.0000000000000000 18.0000000000000000 58
2.4117992226754499  -12.9261290453110718 167.6905813946855233 0.0000000000000000 18.0000000000000000 59
2.4514495853537839  -12.9506293406731707 168.2995827178458512 0.0000000000000000 18.0000000000000000 60
2.4911120381764871  -12.9741120151725227 168.8848493506779391 0.0000000000000000 18.0000000000000000 61
2.5307859102434866  -12.9966375654707100 169.4477095508341904 0.0000000000000000 18.0000000000000000 62
2.5704705586237888  -13.0182622700255628 169.9894051295055988 0.0000000000000000 18.0000000000000000 63
2.6101653695509324  -13.0390384813134830 170.5110967293844624 0.0000000000000000 18.0000000000000000 64
2.6498697591275322  -13.0590149014728993 171.0138689114514534 0.0000000000000000 18.0000000000000000 65
2.6895831736145630  -13.0782368416603418 171.4987350327826618 0.0000000000000000 18.0000000000000000 66
2.7293050893729127  -13.0967464655217221 171.9666419031847795 0.0000000000000000 18.0000000000000000 67
2.7690350125172367  -13.1145830172681563 172.4184742131793371 0.0000000000000000 18.0000000000000000 68
2.8087724783350887  -13.1317830349149762 172.8550587298306027 0.0000000000000000 18.0000000000000000 69
2.8485170505176960  -13.1483805492953234 173.2771682601868406 0.0000000000000000 18.0000000000000000 70
2.8882683202428865  -13.1644072694944878 173.6855253847579377 0.0000000000000000 18.0000000000000000 71
2.9280259051451454  -13.1798927553756613 174.0808059655868760 0.0000000000000000 18.0000000000000000 72
2.9677894482029670  -13.1948645778779152 174.4636424351318738 0.0000000000000000 18.0000000000000000 73
3.0075586165692578  -13.2093484677697113 174.8346268734385376 0.0000000000000000 18.0000000000000000 74
3.0473331003666426  -13.2233684535348708 175.1943138820147396 0.0000000000000000 18.0000000000000000 75
3.0871126114660745  -13.2369469890555678 175.5432232634674676 0.0000000000000000 18.0000000000000000 76
3.1268968822641137  -13.2501050717387745 175.8818425163643155 0.0000000000000000 18.0000000000000000 77
3.1666856644715491  -13.2628623517115063 176.2106291550031756 0.0000000000000000 18.0000000000000000 78
3.2064787279237077  -13.2752372326854022 176.5300128638259594 0.0000000000000000 18.0000000000000000 79
3.2462758594207402  -13.2872469650654192 176.8403974961576921 0.0000000000000000 18.0000000000000000 80
3.2860768616044758  -13.2989077318480913 177.1421629267582603 0.0000000000000000 18.0000000000000000 81
3.3258815518768161  -13.3102347278283979 177.4356667674517496 0.0000000000000000 18.0000000000000000 82
3.3656897613634684  -13.3212422326031739 177.7212459547749859 0.0000000000000000 18.0000000000000000 83
3.4055013339255513  -13.3319436778328715 177.9992182182514853 0.0000000000000000 18.0000000000000000 84
3.4453161252208471  -13.3423517091926911 178.2698834374999706 0.0000000000000000 18.0000000000000000 85
3.4851340018155117  -13.3524782434190517 178.5335248960099648 0.0000000000000000 18.0000000000000000 86
3.5249548403464868  -13.3623345208293784 178.7904104389912732 0.0000000000000000 18.0000000000000000 87
3.5647785267343197  -13.3719311536677559 179.0407935422986725 0.0000000000000000 18.0000000000000000 88
3.6046049554455601  -13.3812781706054373 179.2849142990235976 0.0000000000000000 18.0000000000000000 89
3.6444340288036376  -13.3903850577009305 179.5230003299427040 0.0000000000000000 18.0000000000000000 90
3.6842656563467813  -13.3992607961029329 179.7552676236115872 0.0000000000000000 18.0000000000000000 91
3.7240997542313048  -13.4079138967585507 179.9819213115267189 0.0000000000000000 18.0000000000000000 92
3.7639362446784514  -13.4163524323695800 180.2031563833989196 0.0000000000000000 18.0000000000000000 93
3.8037750554628560  -13.4245840668208309 180.4191583472394882 0.0000000000000000 18.0000000000000000 94
3.8436161194405880  -13.4326160822879466 180.6301038386222331 0.0000000000000000 18.0000000000000000 95
3.8834593741146612  -13.4404554042158715 180.8361611831817868 0.0000000000000000 18.0000000000000000 96
3.9233047612359724  -13.4481086243434032 181.0374909160861137 0.0000000000000000 18.0000000000000000 97
3.9631522264375203  -13.4555820219362356 181.2342462619657226 0.0000000000000000 18.0000000000000000 98
4.0030017188998652  -13.4628815833773494 181.4265735785040192 0.0000000000000000 18.0000000000000000 99
4.0428531910457419  -13.4700130202519439 181.6146127666478378 0.0000000000000000 18.0000000000000000 100
4.0827065982619191  -13.4769817860521677 181.7984976501671213 0.0000000000000000 18.0000000000000000 101
4.1225618986463282  -13.4837930916173292 181.9783563270780178 0.0000000000000000 18.0000000000000000 102
4.1624190527786018  -13.4904519194158894 182.1543114952464748 0.0000000000000000 18.0000000000000000 103
4.2022780235123296  -13.4969630367650737 182.3264807542857966 0.0000000000000000 18.0000000000000000 104
4.2421387757872226  -13.5033310080785505 182.4949768857198364 0.0000000000000000 18.0000000000000000 105
4.2820012764596935  -13.5095602062218507 182.6599081131840592 0.0000000000000000 18.0000000000000000 106
4.3218654941502210  -13.5156548230516709 182.8213783443283091 0.0000000000000000 18.0000000000000000 107
4.3617313991061657  -13.5216188792056542 182.9794873959090751 0.0000000000000000 18.0000000000000000 108
4.4015989630785741  -13.5274562332062338 183.1343312034708504 0.0000000000000000 18.0000000000000000 109
4.4414681592118201  -13.5331705899341728 183.2860020168606923 0.0000000000000000 18.0000000000000000 110
4.4813389619447905  -13.5387655085250422 183.4345885827503082 0.0000000000000000 18.0000000000000000 111
4.5212113469225867  -13.5442444097350396 183.5801763152080923 0.0000000000000000 18.0000000000000000 112
4.5610852909176529  -13.5496105828204421 183.7228474552994157 0.0000000000000000 18.0000000000000000 113
4.6009607717594525  -13.5548671919692403 183.8626812205862677 0.0000000000000000 18.0000000000000000 114
4.6408377682717212  -13.5600172823221801 183.9997539453460149 0.0000000000000000 18.0000000000000000 115
4.6807162602165704  -13.5650637856150915 184.1341392122337197 0.0000000000000000 18.0000000000000000 116
4.7205962282446352  -13.5700095254733224 184.2659079760676093 0.0000000000000000 18.0000000000000000 117
4.7604776538506117  -13.5748572223853365 184.3951286803488188 0.0000000000000000 18.0000000000000000 118
4.8003605193335339  -13.5796094983805755 184.5218673670734404 0.0000000000000000 18.0000000000000000 119
4.8402448077612545  -13.5842688814342374 184.6461877803527614 0.0000000000000000 18.0000000000000000 120
4.8801305029385729  -13.5888378096199673 184.7681514642996774 0.0000000000000000 18.0000000000000000 121
4.9200175893785678  -13.5933186350292843 184.8878178556141734 0.0000000000000000 18.0000000000000000 122
4.9599060522766703  -13.5977136274753292 185.0052443712531840 0.0000000000000000 18.0000000000000000 123
4.9997958774871618  -13.6020249779960736 185.1204864915328017 0.0000000000000000 18.0000000000000000 124
5.0396870515016881  -13.6062548021720637 185.2335978389938305 0.0000000000000000 18.0000000000000000 125
5.0795795614294859  -13.6104051432718620 185.3446302533272672 0.0000000000000000 18.0000000000000000 126
5.1194733949791171  -13.6144779752363796 185.4536338626134295 0.0000000000000000 18.0000000000000000 127
5.1593685404413581  -13.6184752055142884 185.5606571511433742 0.0000000000000000 18.0000000000000000 128
5.1992649866731702  -13.6223986777572019 185.6657470240238013 0.0000000000000000 18.0000000000000000 129
5.2391627230823747  -13.6262501743853619 185.7689488687949506 0.0000000000000000 18.0000000000000000 130
5.2790617396130779  -13.6300314190307148 185.8703066142294915 0.0000000000000000 18.0000000000000000 131
5.3189620267315298  -13.6337440788661510 185.9698627864957530 0.0000000000000000 18.0000000000000000 132
5.3588635754124230  -13.6373897668272743 186.0676585628405348 0.0000000000000000 18.0000000000000000 133
5.3987663771254049  -13.6409700437338994 186.1637338229386671 0.0000000000000000 18.0000000000000000 134
5.4386704238218471  -13.6444864203163760 186.2581271980381246 0.0000000000000000 18.0000000000000000 135
5.4785757079216770  -13.6479403591530275 186.3508761180294755 0.0000000000000000 18.0000000000000000 136
5.5184822223002969  -13.6513332765231237 186.4420168565450240 0.0000000000000000 18.0000000000000000 137
5.5583899602754876  -13.6546665441804969 186.5315845742021850 0.0000000000000000 18.0000000000000000 138
5.5982989155943139  -13.6579414910515879 186.6196133600745952 0.0000000000000000 18.0000000000000000 139
5.6382090824199196  -13.6611594048626426 186.7061362714916868 0.0000000000000000 18.0000000000000000 140
5.6781204553182993  -13.6643215336987538 186.7911853722404203 0.0000000000000000 18.0000000000000000 141
5.7180330292449328  -13.6674290874990341 186.8747917692537328 0.0000000000000000 18.0000000000000000 142
5.7579467995313482  -13.6704832394905402 186.9569856478471763 0.0000000000000000 18.0000000000000000 143
5.7978617618715642  -13.6734851275641454 187.0377963055799739 0.0000000000000000 18.0000000000000000 144
5.8377779123084483  -13.6764358555950132 187.1172521847947792 0.0000000000000000 18.0000000000000000 145
5.8776952472199744  -13.6793364947102027 187.1953809038995473 0.0000000000000000 18.0000000000000000 146
5.9176137633054164  -13.6821880845058210 187.2722092874393240 0.0000000000000000 18.0000000000000000 147
5.9575334575714560  -13.6849916342160469 187.3477633950173242 0.0000000000000000 18.0000000000000000 148
5.9974543273182599  -13.6877481238360126 187.4220685491032725 0.0000000000000000 18.0000000000000000 149
6.0373763701255267  -13.6904585052004215 187.4951493617828078 0.0000000000000000 18.0000000000000000 150
6.0772995838384931  -13.6931237030203015 187.5670297604860650 0.0000000000000000 18.0000000000000000 151
6.1172239665539916  -13.6957446158787519 187.6377330127341736 0.0000000000000000 18.0000000000000000 152
6.1571495166065082  -13.6983221171882228 187.7072817499478390 0.0000000000000000 18.0000000000000000 153
6.1970762325543021  -13.7008570561103138 187.7756979903462593 0.0000000000000000 18.0000000000000000 154
6.2370041131655984  -13.7033502584398850 187.8430031609779007 0.0000000000000000 18.0000000000000000 155
6.2769331574048781  -13.7058025274547646 187.9092181189115536 0.0000000000000000 18.0000000000000000 156
6.3168633644192784  -13.7082146447323971 187.9743631716204391 0.0000000000000000 18.0000000000000000 157
6.3567947335251374  -13.7105873709348742 188.0384580965895793 0.0000000000000000 18.0000000000000000 158
6.3967272641946966  -13.7129214465631968 188.1015221601746816 0.0000000000000000 18.0000000000000000 159
6.4366609560429744  -13.7152175926824622 188.1635741357379743 0.0000000000000000 18.0000000000000000 160
6.4765958088148450  -13.7174765116186741 188.2246323210915193 0.0000000000000000 18.0000000000000000 161
6.5165318223723236  -13.7196988876283594 188.2847145552707957 0.0000000000000000 18.0000000000000000 162
6.5564689966821010  -13.7218853875420095 188.3438382346590174 0.0000000000000000 18.0000000000000000 163
6.5964073318033041  -13.7240366613825273 188.4020203284947002 0.0000000000000000 18.0000000000000000 164
6.6363468278755127  -13.7261533429594031 188.4592773937775121 0.0000000000000000 18.0000000000000000 165
6.6762874851071059  -13.7282360504393051 188.5156255895930997 0.0000000000000000 18.0000000000000000 166
6.7162293037638294  -13.7302853868946571 188.5710806908867880 0.0000000000000000 18.0000000000000000 167
6.7561722841576968  -13.7323019408303448 188.6256581016957625 0.0000000000000000 18.0000000000000000 168
6.7961164266362202  -13.7342862866896507 188.6793728678657374 0.0000000000000000 18.0000000000000000 169
6.8360617315719150  -13.7362389853403037 188.7322396892696759 0.0000000000000000 18.0000000000000000 170
6.8760081993521798  -13.7381605845410970 188.7842729315450470 0.0000000000000000 18.0000000000000000 171
6.9159558303694908  -13.7400516193900373 188.8354866373687173 0.0000000000000000 18.0000000000000000 172
6.9559046250119110  -13.7419126127548861 188.8858945372876121 0.0000000000000000 18.0000000000000000 173
6.9958545836540056  -13.7437440756860436 188.9355100601187587 0.0000000000000000 18.0000000000000000 174
7.0358057066480715  -13.7455465078133177 188.9843463429348844 0.0000000000000000 18.0000000000000000 175
7.0757579943156976  -13.7473203977268312 189.0324162406564596 0.0000000000000000 18.0000000000000000 176
7.1157114469397431  -13.7490662233422825 189.0797323352566934 0.0000000000000000 18.0000000000000000 177
7.1556660647566224  -13.7507844522518621 189.1263069445997189 0.0000000000000000 18.0000000000000000 178
7.1956218479489591  -13.7524755420609495 189.1721521309244736 0.0000000000000000 18.0000000000000000 179
7.2355787966386087  -13.7541399407111893 189.2172797089884853 0.0000000000000000 18.0000000000000000 180
7.2755369108800112  -13.7557780867906221 189.2617012538824497 0.0000000000000000 18.0000000000000000 181
7.3154961906539508  -13.7573904098309825 189.3054281085284742 0.0000000000000000 18.0000000000000000 182
7.3554566358615823  -13.7589773305934990 189.3484713908808317 0.0000000000000000 18.0000000000000000 183
7.3954182463188811  -13.7605392613425828 189.3908420008277176 0.0000000000000000 18.0000000000000000 184
7.4353810217514100  -13.7620766061086499 189.4325506268216657 0.0000000000000000 18.0000000000000000 185
7.4753449617893857  -13.7635897609404481 189.4736077522355515 0.0000000000000000 18.0000000000000000 186
7.5153100659631811  -13.7650791141466051 189.5140236614621188 0.0000000000000000 18.0000000000000000 187
7.5552763336990143  -13.7665450465281420 189.5538084457697323 0.0000000000000000 18.0000000000000000 188
7.5952437643150965  -13.7679879316008051 189.5929720089155524 0.0000000000000000 18.0000000000000000 189
7.6352123570179922  -13.7694081358089164 189.6315240725341482 0.0000000000000000 18.0000000000000000 190
7.6751821108993479  -13.7708060187302497 189.6694741813068390 0.0000000000000000 18.0000000000000000 191
7.7151530249329285  -13.7721819332725737 189.7068317079211681 0.0000000000000000 18.0000000000000000 192
7.7551250979718738  -13.7735362258626868 189.7436058578326765 0.0000000000000000 18.0000000000000000 193
7.7950983287463460  -13.7748692366271293 189.7798056738280934 0.0000000000000000 18.0000000000000000 194
7.8350727158613624  -13.7761812995662396 189.8154400404108060 0.0000000000000000 18.0000000000000000 195
7.8750482577949983  -13.7774727427206187 189.8505176880065335 0.0000000000000000 18.0000000000000000 196
7.9150249528967231  -13.7787438883316238 189.8850471970016258 0.0000000000000000 18.0000000000000000 197
7.9550027993861248  -13.7799950529946607 189.9190370016170561 0.0000000000000000 18.0000000000000000 198
7.9949817953518130  -13.7812265478068312 189.9524953936306133 0.0000000000000000 18.0000000000000000 199
8.0349619387505271  -13.7824386785087594 189.9854305259508749 0.0000000000000000 18.0000000000000000 200
8.0749432274065747  -13.7836317456203510 190.0178504160468265 0.0000000000000000 18.0000000000000000 201
8.1149256590113996  -13.7848060445716030 190.0497629492452063 0.0000000000000000 18.0000000000000000 202
8.1549092311233942  -13.7859618658282486 190.0811758818971953 0.0000000000000000 18.0000000000000000 203
8.1948939411679280  -13.7870994950121677 190.1120968444221830 0.0000000000000000 18.0000000000000000 204
8.2348797864375616  -13.7882192130174968 190.1425333442319641 0.0000000000000000 18.0000000000000000 205
8.2748667640924403  -13.7893212961220186 190.1724927685432078 0.0000000000000000 18.0000000000000000 206
8.3148548711608843  -13.7904060160943089 190.2019823870830635 0.0000000000000000 18.0000000000000000 207
8.3548441045401258  -13.7914736402969424 190.2310093546896610 0.0000000000000000 18.0000000000000000 208
8.3948344609972221  -13.7925244317856190 190.2595807138175701 0.0000000000000000 18.0000000000000000 209
8.4348259371701371  -13.7935586494045630 190.2877033969448632 0.0000000000000000 18.0000000000000000 210
8.4748185295689460  -13.7945765478785027 190.3153842288969884 0.0000000000000000 18.0000000000000000 211
8.5148122345771711  -13.7955783779012471 190.3426299290800898 0.0000000000000000 18.0000000000000000 212
8.5548070484532950  -13.7965643862208047 190.3694471136353172 0.0000000000000000 18.0000000000000000 213
8.5948029673323223  -13.7975348157217610 190.3958422975173050 0.0000000000000000 18.0000000000000000 214
8.6347999872275505  -13.7984899055043151 190.4218218964944640 0.0000000000000000 18.0000000000000000 215
8.6747981040323427  -13.7994298909609903 190.4473922290827659 0.0000000000000000 18.0000000000000000 216
8.7147973135221122  -13.8003550038500595 190.4725595184105771 0.0000000000000000 18.0000000000000000 217
8.7547976113563060  -13.8012654723670174 190.4973298940201687 0.0000000000000000 18.0000000000000000 218
8.7947989930805246  -13.8021615212132573 190.5217093936084893 0.0000000000000000 18.0000000000000000 219
8.8348014541287281  -13.8030433716625058 190.5457039647083377 0.0000000000000000 18.0000000000000000 220
8.8748049898254866  -13.8039112416250980 190.5693194663178929 0.0000000000000000 18.0000000000000000 221
8.9148095953883288  -13.8047653457100434 190.5925616704718664 0.0000000000000000 18.0000000000000000 222
8.9548152659301241  -13.8056058952852787 190.6154362637697943 0.0000000000000000 18.0000000000000000 223
8.9948219964615514  -13.8064330985357486 190.6379488488494758 0.0000000000000000 18.0000000000000000 224
9.0348297818935990  -13.8072471605198395 190.6601049458196258 0.0000000000000000 18.0000000000000000 225
9.0748386170400988  -13.8080482832241156 190.6819099936489295 0.0000000000000000 18.0000000000000000 226
9.1148484966203558  -13.8088366656161217 190.7033693515108439 0.0000000000000000 18.0000000000000000 227
9.1548594152617220  -13.8096125036960693 190.7244883000928439 0.0000000000000000 18.0000000000000000 228
9.1948713675023104  -13.8103759905464418 190.7452720428643431 0.0000000000000000 18.0000000000000000 229
9.2348843477936118  -13.8111273163808121 190.7657257073159371 0.0000000000000000 18.0000000000000000 230
9.2748983505032729  -13.8118666685906142 190.7858543461545651 0.0000000000000000 18.0000000000000000 231
9.3149133699177344  -13.8125942317913228 190.8056629384772691 0.0000000000000000 18.0000000000000000 232
9.3549294002450338  -13.8133101878667350 190.8251563909051072 0.0000000000000000 18.0000000000000000 233
9.3949464356175199  -13.8140147160124691 190.8443395386937880 0.0000000000000000 18.0000000000000000 234
9.4349644700945774  -13.8147079927783434 190.8632171468151455 0.0000000000000000 18.0000000000000000 235
9.4749834976654164  -13.8153901921093745 190.8817939110084296 0.0000000000000000 18.0000000000000000 236
9.5150035122517824  -13.8160614853861503 190.9000744588118437 0.0000000000000000 18.0000000000000000 237
9.5550245077107299  -13.8167220414638123 190.9180633505670244 0.0000000000000000 18.0000000000000000 238
9.5950464778373217  -13.8173720267104958 190.9357650803983120 0.0000000000000000 18.0000000000000000 239
9.6350694163673793  -13.8180116050445623 190.9531840771756208 0.0000000000000000 18.0000000000000000 240
9.6750933169801776  -13.8186409379711748 190.9703247054503663 0.0000000000000000 18.0000000000000000 241
9.7151181733011356  -13.8192601846179972 190.9871912663756177 0.0000000000000000 18.0000000000000000 242
9.7551439789044885  -13.8198695017701088 191.0037879986059579 0.0000000000000000 18.0000000000000000 243
9.7951707273159467  -13.8204690439041293 191.0201190791770500 0.0000000000000000 18.0000000000000000 244
9.8351984120153091  -13.8210589632217840 191.0361886243708796 0.0000000000000000 18.0000000000000000 245
9.8752270264390809  -13.8216394096825930 191.0520006905617265 0.0000000000000000 18.0000000000000000 246
9.9152565639830268  -13.8222105310361023 191.0675592750489500 0.0000000000000000 18.0000000000000000 247
9.9552870180047517  -13.8227724728532060 191.0828683168692237 0.0000000000000000 18.0000000000000000 248
9.9953183818261717  -13.8233253785572785 191.0979316976008135 0.0000000000000000 18.0000000000000000 249
10.0353506487360171  -13.8238693894544173 191.1127532421491537 0.0000000000000000 18.0000000000000000 250
10.0753838119922943  -13.8244046447631135 191.1273367195196045 0.0000000000000000 18.0000000000000000 251
10.1154178648246624  -13.8249312816437140 191.1416858435785002 0.0000000000000000 18.0000000000000000 252
10.1554528004368514  -13.8254494352269255 191.1558042738002428 0.0000000000000000 18.0000000000000000 253
10.1954886120089707  -13.8259592386422270 191.1696956160031391 0.0000000000000000 18.0000000000000000 254
10.2355252926998048  -13.8264608230456787 191.1833634230749226 0.0000000000000000 18.0000000000000000 255
10.2755628356491098  -13.8269543176470489 191.1968111956829830 0.0000000000000000 18.0000000000000000 256
10.3156012339798018  -13.8274398497368693 191.2100423829796512 0.0000000000000000 18.0000000000000000 257
10.3556404808001457  -13.8279175447128289 191.2230603832910276 0.0000000000000000 18.0000000000000000 258
10.3956805692058936  -13.8283875261058604 191.2358685448011784 0.0000000000000000 18.0000000000000000 259
10.4357214922823882  -13.8288499156057139 191.2484701662228872 0.0000000000000000 18.0000000000000000 260
10.4757632431065986  -13.8293048330863506 191.2608684974606206 0.0000000000000000 18.0000000000000000 261
10.5158058147491715  -13.8297523966306457 191.2730667402635447 0.0000000000000000 18.0000000000000000 262
10.5558492002763167  -13.8301927225552870 191.2850680488714943 0.0000000000000000 18.0000000000000000 263
10.5958933927518366  -13.8306259254345179 191.2968755306487765 0.0000000000000000 18.0000000000000000 264
10.6359383852389193  -13.8310521181243526 191.3084922467141382 0.0000000000000000 18.0000000000000000 265
10.6759841708020318  -13.8314714117858788 191.3199212125586257 0.0000000000000000 18.0000000000000000 266
10.7160307425086749  -13.8318839159085929 191.3311653986579586 0.0000000000000000 18.0000000000000000 267
10.7560780934311442  -13.8322897383332641 191.3422277310770880 0.0000000000000000 18.0000000000000000 268
10.7961262166482541  -13.8326889852744337 191.3531110920639264 0.0000000000000000 18.0000000000000000 269
10.8361751052469533  -13.8330817613429051 191.3638183206425083 0.0000000000000000 18.0000000000000000 270
10.8762247523239868  -13.8334681695675386 191.3743522131912300 0.0000000000000000 18.0000000000000000 271
10.9162751509874578  -13.8338483114170288 191.3847155240181337 0.0000000000000000 18.0000000000000000 272
10.9563262943583233  -13.8342222868215021 191.3949109659315297 0.0000000000000000 18.0000000000000000 273
10.9963781755719356  -13.8345901941934439 191.4049412107967498 0.0000000000000000 18.0000000000000000 274
11.0364307877794552  -13.8349521304487624 191.4148088900940934 0.0000000000000000 18.0000000000000000 275
11.0764841241492356  -13.8353081910274653 191.4245165954654908 0.0000000000000000 18.0000000000000000 276
11.1165381778682146  -13.8356584699139553 191.4340668792558802 0.0000000000000000 18.0000000000000000 277
11.1565929421432415  -13.8360030596571555 191.4434622550483027 0.0000000000000000 18.0000000000000000 278
11.1966484102023021  -13.8363420513905311 191.4527051981932004 0.0000000000000000 18.0000000000000000 279
11.2367045752957928  -13.8366755348517039 191.4617981463326259 0.0000000000000000 18.0000000000000000 280
11.2767614306977180  -13.8370035984017292 191.4707434999144766 0.0000000000000000 18.0000000000000000 281
11.3168189697068264  -13.8373263290444797 191.4795436227054211 0.0000000000000000 18.0000000000000000 282
11.3568771856477362  -13.8376438124454690 191.4882008422950435 0.0000000000000000 18.0000000000000000 283
11.3969360718720125  -13.8379561329506338 191.4967174505965772 0.0000000000000000 18.0000000000000000 284
11.4369956217591984  -13.8382633736048160 191.5050957043391691 0.0000000000000000 18.0000000000000000 285
11.4770558287178126  -13.8385656161700812 191.5133378255567891 0.0000000000000000 18.0000000000000000 286
11.5171166861863572  -13.8388629411436153 191.5214460020687284 0.0000000000000000 18.0000000000000000 287
11.5571781876341646  -13.8391554277758555 191.5294223879601248 0.0000000000000000 18.0000000000000000 288
11.5972403265623569  -13.8394431540878706 191.5372691040498125 0.0000000000000000 18.0000000000000000 289
11.6373030965046738  -13.8397261968888721 191.5449882383582860 0.0000000000000000 18.0000000000000000 290
11.6773664910282875  -13.8400046317934962 191.5525818465679890 0.0000000000000000 18.0000000000000000 291
11.7174305037345938  -13.8402785332387381 191.5600519524791707 0.0000000000000000 18.0000000000000000 292
11.7574951282599791  -13.8405479745007263 191.5674005484591191 0.0000000000000000 18.0000000000000000 293
11.7975603582765185  -13.8408130277114090 191.5746295958879273 0.0000000000000000 18.0000000000000000 294
11.8376261874926758  -13.8410737638749346 191.5817410255981201 0.0000000000000000 18.0000000000000000 295
11.8776926096539555  -13.8413302528837932 191.5887367383088531 0.0000000000000000 18.0000000000000000 296
11.9177596185435064  -13.8415825635350398 191.5956186050576662 0.0000000000000000 18.0000000000000000 297
11.9578272079827812  -13.8418307635457030 191.6023884676206706 0.0000000000000000 18.0000000000000000 298
11.9978953718320014  -13.8420749195689314 191.6090481389378795 0.0000000000000000 18.0000000000000000 299
